[[[[[5.85795e-03]]],


         [[[9.93933e-01]]],


         [[[5.79885e-06]]],


         [[[1.95846e-04]]],


         [[[3.95945e-06]]],


         [[[3.83492e-06]]]]]

tensor([[[[[9.17841e-04]]],


         [[[9.97937e-01]]],


         [[[2.72304e-04]]],


         [[[3.34769e-04]]],


         [[[1.86469e-04]]],


         [[[3.51709e-04]]]]], device='cuda:0')


tensor([[[[[6.32241e-05]]],


         [[[9.99769e-01]]], 8.29423e-1


         [[[1.49225e-05]]],


         [[[1.17768e-04]]], 1.70464e-1


         [[[7.65750e-06]]],


         [[[2.73143e-05]]]]], device='cuda:0')